,FEH,FEH_unc,a
0,-1.0047924244768898,0.28457982867757553,13.799999999999999
1,-1.2224152080014188,0.12977919066383847,12.6
2,-1.0906792186601912,0.16078322204003326,11.4
3,-1.1247802469744033,0.14929970344950086,10.2
4,-1.2252503355823785,0.096623224441252,9.0
5,-1.101716091391296,0.1350989309623488,7.800000000000001
6,-1.099594718237858,0.1231231700845371,6.6
7,-1.1326627071959876,0.10766926768998203,5.3999999999999995
8,-1.0178691276673026,0.1593785922659897,4.2
9,-1.0268830578450008,0.14648326411339938,3.000000000000001
10,-1.0781718057781406,0.12770984142660746,1.8000000000000016
11,-1.1408617970312473,0.12673236013023922,0.6
