,FEH,FEH_unc,a
0,-1.1450234900822336,0.08524225529871104,11.4
1,-1.1239148200394276,0.0871817979040671,10.200000000000001
2,-1.1810184299814748,0.0765184158249126,9.0
3,-1.1764962632697398,0.0769215034956377,7.800000000000001
4,-1.1382224284582825,0.08121025824462501,6.6
5,-1.0777782027659049,0.09032805076277224,5.3999999999999995
6,-1.1305800824925059,0.08221468159756573,4.2
7,-1.1519510121607965,0.07918517832085534,2.999999999999999
8,-1.1038417408257701,0.08754263709902708,1.7999999999999998
9,-1.3214659561180657,0.08103684192869222,0.6
